start end q_block d_block dataset data_size
1733353978.917187689 1733353979.132179955 100 5000 gist 1000
1733353979.147495473 1733353979.581208214 100 5000 gist 5000
1733353979.588738056 1733353980.368849392 100 5000 gist 10000
1733353980.376190448 1733353983.325233643 100 5000 gist 50000
1733353983.439087392 1733353989.154187776 100 5000 gist 100000
1733353989.162045152 1733354017.148356301 100 5000 gist 500000
1733354017.155871123 1733354072.770611902 100 5000 gist 1000000
1733354072.780068316 1733354073.031639582 1 1 gist 1000
1733354073.040477076 1733354073.466578305 1 1 gist 5000
1733354073.475700903 1733354074.099555750 1 1 gist 10000
1733354074.184950550 1733354078.924649341 1 1 gist 50000
1733354078.934011301 1733354087.558890521 1 1 gist 100000
1733354087.566840067 1733354120.816716885 1 1 gist 500000
1733354120.824374255 1733354194.043085221 1 1 gist 1000000
